   76.2  80.4  83.3  85.7  87.7  96.0 103.8 110.7 116.8 122.2 127.4 130.6
  133.4 135.9 138.6 142.4 146.8 150.3 153.1 155.0 156.2 157.1 157.7 158.0
  158.2 158.4 158.6 158.7 158.7 158.8 158.9
   74.6  78.0  82.0  86.9  90.0  94.9 102.1 109.2 115.6 122.7 128.2 131.1
  134.8 138.2 140.9 143.4 146.1 149.4 152.9 156.4 159.5 161.6 162.6 163.6
  165.0 165.3 165.6 165.9 166.1 166.0 166.0
   78.2  81.8  85.4  87.9  89.6  97.1 109.2 116.2 122.9 128.0 134.2 138.0
  141.5 145.2 148.8 152.3 155.6 158.2 159.6 160.1 160.3 160.8 161.6 161.8
  161.7 161.8 161.9 161.9 161.7 161.9 162.2
   77.7  80.5  83.3  87.0  90.3  98.6 106.3 113.9 120.7 125.7 131.0 134.1
  137.1 140.2 143.0 145.7 148.5 151.5 154.8 158.4 161.2 163.5 165.2 166.0
  166.5 166.9 167.2 167.4 167.4 167.6 167.8
   76.0  80.0  83.0  86.0  89.0  96.0 103.0 110.0 117.0 123.0 131.0 133.0
  136.0 139.0 141.0 144.0 147.0 150.0 153.0 157.0 161.0 164.0 166.0 167.0
  168.0 168.0 169.0 169.0 170.0 170.0 170.0
   73.5  77.0  81.5  83.8  85.5  92.9  99.6 106.7 113.3 118.4 124.2 127.6
  130.6 133.6 136.4 139.7 143.7 148.0 152.0 155.7 158.9 160.9 162.2 163.2
  163.8 164.0 164.2 164.4 164.4 164.8 164.9
   67.4  72.3  75.9  79.4  82.2  91.6  99.5 105.7 112.5 117.2 122.8 125.5
  128.0 130.3 132.5 134.9 137.4 139.9 142.1 144.2 146.4 148.9 152.2 155.3
  157.9 160.1 161.6 162.4 163.0 163.4 164.0
   80.5  85.1  89.7  93.7  97.3 106.3 114.4 123.5 130.6 137.7 144.4 148.4
  152.5 156.6 161.5 166.1 170.2 173.5 176.0 177.3 178.3 179.1 180.0 181.0
  181.6 181.9 182.3 182.6 182.8 182.7 183.2
   77.0  80.7  83.4  85.6  88.9  96.5 104.2 111.4 118.2 124.2 129.6 132.0
  135.2 138.5 141.5 144.9 148.9 152.6 156.2 159.6 161.4 162.4 163.1 163.6
  164.3 164.5 164.4 164.3 164.1 164.0 163.8
   74.7  77.9  81.3  84.8  87.6  98.6 107.8 116.2 124.6 130.6 136.2 139.3
  142.3 145.5 148.7 152.3 156.6 161.0 164.7 167.5 169.1 170.2 171.3 172.1
  172.6 172.9 173.1 173.3 173.6 173.8 174.0
   69.3  76.1  80.7  84.4  87.1  94.6 103.4 110.0 116.6 122.6 128.1 130.4
  133.2 135.8 138.2 140.7 142.7 144.4 146.2 148.5 151.3 154.6 158.3 161.4
  163.5 165.0 166.0 166.5 166.7 166.9 167.1
   72.4  75.2  77.8  80.7  83.6  95.3 102.4 109.6 116.0 121.7 127.7 130.1
  133.1 135.5 137.5 140.0 143.1 146.8 150.7 154.2 157.0 159.0 160.5 161.5
  162.1 162.5 162.7 163.0 163.4 163.1 163.0
   67.3  73.7  76.2  79.0  81.4  90.2  96.8 102.4 108.7 113.8 118.8 121.1
  123.2 125.4 127.7 129.9 131.6 133.5 135.6 137.6 139.5 141.8 145.0 148.2
  150.8 152.2 153.0 153.6 154.1 154.4 154.6
   76.7  80.0  83.8  86.8  89.7  96.2 104.5 111.5 118.6 125.0 130.5 133.0
  135.8 138.6 141.4 144.2 146.6 148.8 151.4 154.6 157.8 161.2 164.5 166.6
  167.8 168.6 169.2 169.8 169.8 170.0 170.3
   72.8  78.2  84.2  87.0  88.4  94.4 100.3 106.6 120.5 127.3 133.6 136.4
  139.5 142.5 146.0 150.2 154.3 158.6 162.6 164.7 166.0 167.1 168.3 168.7
  169.1 169.5 169.9 170.1 170.3 170.3 170.6
   72.0  74.9  80.0  82.8  83.8  92.3  98.2 105.2 110.4 115.6 119.4 121.9
  124.2 126.3 128.5 131.2 134.3 137.3 140.5 143.6 146.8 149.0 150.2 151.4
  152.6 153.4 154.1 154.9 155.7 156.2 156.5
   68.4  75.0  81.3  85.0  87.6  94.6 102.4 109.2 116.2 122.7 129.4 132.4
  135.6 139.4 143.6 147.9 151.9 155.0 157.0 158.0 158.9 159.4 159.7 159.9
  160.2 160.2 160.3 160.4 160.4 160.3 160.3
   76.0  82.1  87.5  91.1  94.0 101.1 108.8 116.7 124.7 132.3 138.2 141.2
  144.1 146.8 150.2 153.9 157.3 161.0 164.5 166.8 168.0 168.7 169.3 169.6
  169.8 170.1 170.3 170.5 170.6 170.8 170.8
   73.7  78.2  79.9  82.0  86.4  95.7 101.9 110.0 117.6 122.7 128.7 131.6
  134.6 137.6 141.6 146.9 152.1 156.3 159.4 161.0 162.0 162.8 163.6 164.2
  164.6 164.9 165.0 165.1 165.1 165.1 165.2
   73.7  81.3  83.8  85.1  88.9  96.1 106.1 113.0 119.1 124.7 130.7 134.0
  137.2 140.9 144.2 147.3 150.2 154.2 158.4 161.2 163.9 165.4 166.8 167.5
  168.2 168.8 169.5 169.6 169.6 169.6 169.8
   74.4  77.5  81.5  84.5  86.7  95.0 103.6 112.0 119.6 127.5 133.2 136.6
  139.8 142.7 146.0 150.3 154.4 158.3 162.4 165.5 167.9 169.4 170.1 170.2
  170.6 171.1 171.5 171.5 171.5 171.4 171.2
   74.9  77.8  81.2  83.7  86.4  94.2  98.6 107.7 114.8 122.7 128.3 131.0
  134.2 137.8 141.4 145.4 149.7 153.9 157.0 159.1 160.4 161.2 161.8 162.4
  163.0 163.1 163.1 163.3 163.6 163.7 163.8
   72.0  77.1  80.6  83.4  85.9  94.0 100.3 108.0 114.9 121.2 127.0 129.6
  132.1 134.8 137.8 141.6 145.8 150.2 153.8 156.7 158.8 159.7 160.5 161.1
  161.5 161.7 162.1 162.3 162.4 162.4 162.4
   72.6  76.8  80.4  82.9  85.1  91.4  96.8 105.7 114.8 118.4 122.6 126.1
  129.0 131.3 133.9 136.7 140.1 143.8 147.3 150.4 153.0 154.5 155.6 156.1
  156.4 156.6 156.8 156.9 157.0 156.9 157.1
   75.2  80.2  83.8  86.4  88.6  97.5 103.6 110.7 117.6 126.5 132.6 136.1
  139.4 142.4 145.6 148.8 152.2 155.7 159.0 162.1 166.0 170.3 174.3 177.2
  178.9 179.7 180.4 180.4 180.2 180.5 181.1
   70.9  74.3  76.8  80.0  83.0  91.4  96.5 102.4 108.7 114.6 120.4 123.0
  125.6 127.9 130.1 132.8 135.5 138.9 142.9 146.9 150.0 152.2 153.6 154.9
  155.9 156.6 157.1 157.5 157.7 158.0 158.4
   74.6  79.4  82.0  84.3  88.9  98.0 105.0 113.5 121.0 126.2 131.4 134.2
  137.1 139.5 141.9 145.0 148.1 151.8 155.6 158.3 160.3 161.8 162.8 163.5
  164.0 164.3 164.8 165.2 165.4 165.5 165.6
   71.1  77.3  81.7  85.5  89.7  98.2 106.0 112.6 118.6 123.7 128.6 131.1
  133.6 135.8 138.0 141.8 145.8 150.5 155.2 158.7 161.0 162.6 163.9 164.7
  165.5 165.9 166.3 166.5 166.6 166.7 166.7
   71.0  72.3  74.9  78.4  81.3  88.1  94.7 100.1 105.7 112.5 117.0 119.2
  121.4 124.5 126.8 129.0 131.7 134.4 137.0 140.3 143.9 147.0 149.6 151.8
  153.2 154.3 155.1 155.6 156.0 156.1 156.5
   74.0  77.6  82.3  86.2  88.7  95.3 103.6 109.7 116.6 122.2 127.2 130.4
  133.6 135.7 137.8 140.5 143.5 147.5 151.7 155.7 159.2 162.0 163.8 164.9
  165.8 166.8 167.5 167.9 168.2 168.2 168.1
   78.7  82.0  84.4  86.4  88.4  96.8 104.7 111.3 118.8 124.3 129.0 131.6
  134.1 136.3 139.0 141.9 145.1 148.3 151.3 154.6 157.7 160.3 161.4 162.4
  163.4 164.0 164.3 164.7 165.2 165.3 165.3
   69.0  72.9  76.7  80.8  85.1  94.6 104.1 112.5 120.7 126.2 133.3 136.4
  139.4 142.7 146.1 149.9 154.1 157.8 160.4 161.9 162.6 162.9 163.0 163.1
  163.0 163.1 163.1 163.4 163.7 163.8 163.7
   72.7  78.3  82.4  87.2  91.4  98.3 105.2 113.3 120.1 126.2 131.5 134.9
  138.1 140.0 142.2 145.2 148.3 151.0 153.9 156.9 160.3 163.9 166.9 169.1
  170.4 171.3 172.0 172.7 172.9 173.1 173.7
   72.6  77.4  81.8  85.2  87.6  95.5 103.7 109.7 115.8 121.6 127.6 130.4
  133.2 135.8 138.4 141.8 145.8 150.3 154.3 157.0 158.7 159.9 160.9 161.7
  162.4 163.0 163.3 163.4 163.5 163.6 163.9
   75.3  79.7  82.0  84.2  86.1  96.0 103.5 111.4 119.1 126.0 132.7 135.6
  138.4 141.0 143.8 146.9 150.6 154.4 157.9 161.1 163.6 165.0 166.2 167.3
  167.9 168.1 168.3 168.5 168.6 168.8 169.2
   73.1  77.5  80.4  82.8  85.9  94.6 102.4 107.7 114.6 121.7 126.8 129.8
  132.8 135.3 137.6 140.3 143.7 147.3 150.6 154.1 157.5 160.1 162.2 163.5
  164.2 164.6 164.8 165.1 165.4 165.7 166.0
   68.9  72.7  76.6  79.6  82.2  91.0  98.4 106.2 112.3 118.1 123.6 126.7
  129.8 132.3 135.0 137.4 139.9 142.4 145.0 148.1 151.8 155.5 158.3 160.1
  161.3 162.3 163.0 163.3 163.6 163.8 164.2
   75.9  79.4  82.1  85.7  88.2  98.0 107.4 115.3 124.0 130.6 137.6 141.2
  144.8 148.0 151.8 155.3 158.7 162.2 165.5 168.3 170.7 172.3 173.4 174.5
  175.1 175.2 175.2 175.4 175.8 176.1 176.0
   73.0  77.3  81.0  85.1  87.5  97.3 105.7 112.7 119.3 124.7 131.9 135.4
  138.9 142.0 145.0 148.2 152.0 156.5 160.5 163.6 165.9 167.6 168.8 169.5
  169.9 170.2 170.5 170.5 170.5 170.7 170.9
   80.0  83.6  85.1  86.4  88.6  98.0 105.7 112.5 119.6 126.5 133.6 137.0
  140.3 142.8 146.0 149.9 154.3 158.3 161.2 163.3 165.1 166.6 167.4 167.8
  168.2 168.6 168.8 168.9 168.9 169.0 169.2
   72.4  75.8  79.0  83.1  86.4  94.5 101.5 108.7 114.8 120.4 126.6 130.1
  133.6 136.3 139.5 143.0 146.7 150.5 153.7 156.1 158.0 159.7 160.4 160.8
  161.4 162.1 162.6 162.6 162.6 162.8 163.0
   69.0  72.6  76.2  78.5  80.9  89.3  94.7 100.3 106.9 112.8 117.8 120.6
  123.5 126.0 128.4 131.1 134.2 137.7 141.3 145.0 147.7 149.8 151.5 152.4
  152.9 153.2 153.6 154.1 154.4 154.5 154.5
   76.0  80.0  84.2  87.4  90.0 101.2 109.5 116.3 122.1 128.8 133.8 136.9
  139.9 143.6 147.0 151.0 155.8 160.7 164.5 166.9 168.5 169.4 170.1 170.8
  171.5 172.0 172.1 172.2 172.3 172.2 172.5
   78.4  82.6  85.1  86.4  89.7  96.6 105.0 112.3 119.6 124.7 131.2 133.6
  135.8 138.8 141.2 144.1 147.4 150.4 153.8 157.8 161.1 163.5 165.2 166.1
  166.6 166.8 167.1 167.2 167.3 167.3 167.2
   74.8  78.0  81.6  84.2  86.4  94.0 101.8 110.0 116.8 121.9 126.8 129.3
  131.9 134.9 137.8 141.3 145.0 149.5 153.8 157.0 158.9 160.3 161.8 162.4
  162.8 163.2 163.6 163.9 164.3 164.2 164.0
   71.3  74.4  77.4  80.0  82.6  91.6 100.6 106.2 114.3 120.4 126.7 129.9
  133.1 136.0 138.8 142.9 146.8 150.7 154.6 157.2 158.6 159.7 160.5 160.8
  161.1 161.3 161.6 161.9 162.0 162.1 162.1
   73.0  75.0  77.6  81.7  86.4  92.9  99.3 105.6 113.3 118.6 125.6 128.2
  130.9 134.4 137.9 141.6 145.4 149.4 153.3 156.2 157.4 158.1 158.9 159.6
  159.9 160.2 161.0 161.5 161.9 161.8 161.6
   71.1  73.7  76.2  79.4  81.8  91.4  95.3 102.4 110.0 116.1 120.9 123.6
  126.3 130.4 134.4 137.7 141.3 144.4 147.0 149.1 150.3 151.0 151.4 151.7
  152.0 152.1 152.3 152.6 153.2 153.5 153.6
   74.6  78.0  81.0  83.6  86.2  96.5 104.1 110.7 118.6 125.2 130.9 133.4
  135.9 138.8 141.7 144.8 148.1 151.8 155.8 160.4 164.8 168.6 171.7 173.8
  175.0 175.7 176.1 176.5 176.9 177.2 177.5
   74.9  78.1  80.6  83.4  86.0  96.5 104.6 111.8 117.9 124.1 130.3 132.7
  135.0 138.5 141.8 145.1 148.1 150.8 153.9 157.5 161.3 164.5 166.0 166.7
  167.4 167.9 168.1 168.5 168.9 169.4 169.8
   77.6  81.1  84.0  87.2  91.4  98.0 105.6 112.2 118.6 124.2 130.3 132.9
  135.5 138.5 141.4 144.4 147.6 151.2 154.9 159.0 163.2 166.0 168.3 169.8
  170.7 171.5 172.1 172.5 172.7 173.1 173.5
   68.6  73.6  78.6  83.6  88.9  96.8 104.1 111.8 118.6 124.7 129.2 132.8
  136.5 138.1 139.4 142.5 145.4 148.6 152.2 155.8 158.7 160.8 162.2 163.1
  163.7 164.3 164.8 165.4 166.0 166.3 166.8
   79.9  82.6  84.8  88.6  94.0  99.6 108.2 116.2 124.0 131.1 136.8 139.4
  142.0 145.0 148.1 151.3 154.8 158.5 161.6 163.8 165.3 166.2 166.4 166.6
  167.0 167.5 167.7 168.0 168.3 168.4 168.6
   76.1  78.4  82.3  86.0  89.2  98.2 106.7 114.4 121.9 129.5 135.2 138.1
  140.8 144.8 148.0 151.3 154.7 158.4 161.7 164.2 165.6 166.4 167.0 167.7
  168.1 168.4 168.5 168.5 168.6 168.9 169.2

