   0.0   0.0   0.0   0.0   0.0   0.0   0.0   0.0   0.0   0.0   0.0   0.0
  10.7   0.0   0.0   0.0   0.0   0.0   0.0   0.0   0.0   0.0   0.0   0.0
   0.0   0.0   0.0   0.0   3.0   0.0   3.6   0.0   0.0   7.4   5.6  11.2
   5.6   0.0   0.0   0.0   7.6  20.6  19.1   1.0   0.0   0.0   0.0   0.0
   3.0   5.3   0.0   0.0   0.0   0.0   0.0   0.0   4.6   0.0   0.0   2.5
   2.3   0.0  26.9   5.6   0.0  20.8   0.0  11.9   4.8   0.0   0.0   1.5
   0.0   0.0   0.0   0.0   0.8   0.8   0.0   0.0   8.6   0.3   0.0   1.5
   0.0   6.4   0.3   0.0  14.5   9.1   0.0   0.0   0.0   0.0   0.0  25.4
   0.0   0.0   0.0   0.0   7.6  30.0   0.0   0.0   0.0   0.5   0.8  18.5
   1.8   0.0   4.6   0.0   0.0   0.0   0.0   0.0   0.8   0.0   0.0   0.0
   0.5   2.5  10.2   0.0   0.0   0.0   1.3   4.3   0.0   0.0   0.0   0.0
   0.0  22.9   0.8  22.1   0.0   0.0   0.0   2.8   0.3   2.0   0.0   0.0
   0.0  32.5   6.1  11.2   0.0   0.0  15.0   0.0   0.0   0.0  12.4   0.0
   1.3   0.0   0.0   0.0   0.5   0.5   7.1   3.3   4.8   0.3   0.0   0.0
   0.5   0.0   0.0   0.0  43.4   0.0  25.4   5.8   0.0   0.0   0.0   0.0
   0.0   0.0   0.3   0.3   0.0   0.0   0.0   0.0   0.0   3.3   7.6   5.8
   2.0   0.0   0.0   0.0   0.3   4.3   0.0   0.0   0.0   0.0   0.0   0.0
   0.0   0.0   4.1   0.0   0.0   0.0   4.6   0.0   0.0   0.0   0.0   2.8
   0.0   0.0   0.0   0.0   0.0   0.0   0.0   0.0   0.0   0.0   0.8   0.0
   0.0   0.0   0.0   0.0   0.0   0.0   0.0   0.0   0.0   0.0   7.6   0.0
   0.0   0.0   0.0   1.0   0.0   0.5   0.0   5.8   0.0   0.0   0.0   0.0
   0.0   0.0   0.0   0.0   0.3   1.3   0.0   4.1   0.3   0.0   0.0   0.0
   0.0   0.0   8.1   1.5   0.8  12.4   0.0   0.0   0.0   0.0   0.0   0.0
   0.0   0.0   0.0   0.0   0.0  41.9   0.8   1.5   2.5   0.0   0.0   0.0
   0.5   0.0   4.3   0.0   0.0   0.3   0.0   0.0   0.0   0.0   0.0   0.0
   0.0   0.0   0.0   0.0   0.0   2.3   0.0   6.6   0.0   0.0   0.0   0.0
   3.6   2.5   0.0   1.0   0.0   0.0   0.0   0.0   6.6   0.0   0.0   1.3
   5.8   0.0  23.4   3.8   0.0   6.1   0.0   0.0   1.0   6.6   0.0   6.4
   0.0   0.0   0.0   0.0   0.0   0.0   0.0   0.0   6.4   0.0   0.0   0.0
   0.5   0.0   0.0   0.0   0.0   8.9   3.8   5.1   4.8   0.0   0.0   0.0
   0.0   0.0   0.0   0.0   3.6  32.0  10.7   0.0   0.0   0.3   0.0   0.0
   0.0   0.0   0.0   0.0   5.1   0.0   0.0   0.0   1.8   0.8   0.0   0.0
   0.0   0.0   0.0   0.5   0.0   0.0   0.0   0.0   0.0   0.0   0.0   0.0
   1.5   0.3   0.0   4.6   0.3  10.9   4.6   0.3   0.0   1.0   0.0   0.0
   0.0   0.0   0.0   0.0   0.0   0.0   0.0   0.0   0.0   0.0   0.0   0.0
   0.0   0.0   0.0   0.0   0.0   9.7   0.0   0.8   0.0   0.0   0.0   0.0
   0.0   0.0   0.0   0.0  13.2   3.3   0.8   3.0   0.0   7.4   4.6   0.0
   0.0   0.0   0.0 132.6  20.8   3.0   2.8   0.0   2.3  11.2   2.5   1.0
  14.5   0.0   0.0   1.0   0.0   0.0   0.0   9.9  78.0   9.1   0.0   1.5
   5.8   0.0   0.0   0.0   0.0   0.0   7.1  17.0   1.8   0.8   6.6   0.0
   1.0   2.1   0.0   0.0   0.0   0.0   0.0   0.0   0.0   0.0   0.0   0.0
   0.0   0.0   0.0  12.4   0.0  10.6   0.0   0.0   2.8   3.3   0.0   0.0
   0.0   1.0   0.0   0.0   0.0   0.6   0.0   0.0  29.2   0.0   0.0   0.0
   0.0   1.4   1.0   1.2   0.0   1.0   2.8   8.8   1.4   0.0   0.0   1.6
   0.8   3.4   0.0   1.8   5.6   0.0   0.0   0.0  11.2   0.0  13.2   0.0
   8.1   0.0   0.0   6.8   0.6   0.0   0.2   5.4   3.8   0.0   0.9   0.0
   0.0   0.0   0.6   0.0   0.0   0.0   0.0   6.2   0.0   0.0   1.0   1.8
  20.6   0.0   2.8   3.0   0.0   0.0   2.2   0.0   0.0   0.0   0.0   0.0
   1.4   0.0   0.6   0.0   0.0   0.0   0.0   0.0   0.2   0.0   0.4   0.0
   0.0   0.0   2.6   0.6   0.0   1.6   0.0   0.0  21.2   0.0   0.0   0.0
   0.0   0.0   0.0   0.2   4.0   0.0   0.0   0.2   1.0   0.0   2.0   0.0
   0.8   0.8   0.0   0.0   2.8  31.4   1.4   3.2   0.0   3.6   0.0   3.9
   8.4   1.6   0.0   0.8   1.8   0.0   0.4  43.2   5.6   3.4   4.0   0.4
   0.0   0.0   0.0   2.4   0.4   0.0   0.0   0.0   0.8   0.0   0.0   0.0
   0.0   6.7   0.0   0.0   0.4   0.6   0.0   0.0   1.0   0.0   0.0   0.0
   0.0   0.0   0.0   1.0   0.0   0.0   1.5   0.0   0.0   0.0   0.0   0.0
   0.0   1.0   0.0   1.7  15.0   0.0   1.6   0.0   0.0   0.0   5.8   0.0
   0.0   0.0   0.7   0.4  23.6   0.0   0.0   0.0   0.0   0.0   9.4   0.0
   0.0   0.0   0.0   0.0   0.0   0.0   0.0   0.0   0.0   5.0   0.0   0.0
   5.0   0.0   0.0   4.6   0.0   0.0   5.0   0.6   0.0   0.0   0.0   1.2
   0.0   0.0   0.0   0.0   0.0   0.0   0.0   2.5   0.6   0.0   6.8   2.5
   0.0   0.0   2.2   7.5   0.4   0.0   0.0   2.5   0.6  17.5   1.6   2.5
   5.4   0.0   0.0   0.0   0.0   0.0   0.0   3.2   0.0   1.6   0.0   0.0
   0.0   0.0   7.4   0.0   0.0  12.5   0.0   0.0   0.0   0.0   0.0   0.0
   0.0   0.0   6.4   0.0   0.2   0.0   0.0   0.0   0.0   0.0   0.0   0.0
   0.0   0.0   0.0   0.6   3.6   3.4   0.0   0.0   9.0   0.0   0.0   0.0
   0.0  12.0   0.0   0.0   0.0   3.5   5.0   0.0   0.0   0.0   0.0   0.0
   0.0   0.0   0.0   0.0   0.0   0.0   0.0   0.0   0.0   0.0   0.0   0.0
   5.7   5.0   0.0   0.0   9.4   7.5   0.0   0.0   0.0   0.0   3.1   0.6
   0.0   0.0   0.0   0.4   0.0   1.8   1.7   0.0   0.0   0.0   0.2   0.0
   0.0   0.0  15.9   2.0   0.0   0.0   0.0   0.0   0.4   0.0   0.0   6.2
   2.0   0.4   0.0   2.9   0.0   4.8   0.0   1.6   0.0   0.0   0.0   0.5
   6.2   0.0   0.6   0.0   0.0   4.9   5.8   0.0   0.4   1.4   0.0   0.0
   0.0   0.0   0.0   0.0   1.4   2.2   0.2   0.0   0.0   0.6  10.2   0.0
   0.0   9.4   0.2   0.0   0.0   0.0   0.0   0.0  13.6   1.5   0.0   0.6
   0.0   0.4   0.0   7.8   0.0   0.0  10.2   0.0   0.0   2.2   0.0   0.0
   0.0   0.0   4.2   0.2   0.0   0.0   0.0   0.0   0.0   8.2   0.2   0.0
   0.2   4.7   3.7   3.0   0.0   0.0   0.0   0.0   0.0   0.0   0.0   0.0
   0.0   0.0   8.4   0.6   2.2   0.0   0.0   0.8   0.0   0.0   0.0   0.0
   1.2   8.6   0.0   0.0   0.0   0.0   0.0   7.4   0.0   3.2   0.4   0.0
   0.0   0.0   0.0   0.0   1.6   7.0   5.8   0.0   0.0   2.7   0.0   0.0
   0.0   0.0   0.0  10.0   6.4   0.0   0.0   0.0   0.4   1.4   0.4   0.0
   0.0   4.8   0.0   0.0   2.0   0.0   0.0  34.4   1.0   0.0   0.0   0.0
   9.0   6.2   0.0   0.0   0.0   2.8   0.0   0.0  13.0   0.0
